815719226
815719230
815719232
815719236
815719237
815719244
815719250
815719255
815719260
815719261
815719266
815719267
815719272
815719274
815719278
815719279
815719284
815719285
815719286
815719290
815719291
815719296
815719297
815719303
815719304
815719309
815719314
815719316
815719322
815719326
815719327
815719328
815719332
815719338
815719345
815719346
815719350
815719352
815719356
815719362
815719363
815719364
815719368
815719369
815719370
815719374
815719375
815719376
815719380
815719381
815719382
815719387
815719388
815719392
815719394
815719399
815719400
815719404
815719410
815719411
815719416
815719418
815719428
815719429
815719434
815719435
815719441
815719447
815719448
815719453
815719460
815719465
815719472
815719477
815719482
815719483
815719484
815719496
815719500
815719502
815719506
815719507
815719508
815719513
815719519
815719525
815719531
815719536
815719537
815719542
815719543
815719544
815719555
815719556
815719560
815719561
815719562
815719567
815719568
815719572
815719573
815719574
815719578
815719580
815719585
815719586
815719591
815719592
815719596
815719597
815719598
815719602
815719603
815719604
815719610
815719615
815719616
815719620
815719626
815719627
815719628
815719638
815719639
815719646
815719650
815719657
815719658
815719662
815719663
815719664
815719668
815719669
815719674
815719675
815719680
815719682
815719686
815719687
815719693
815719699
815719700
815719704
815719705
815719706
815719710
815719716
815719717
815719718
815719722
815719724
815719728
815719729
815719730
815719734
815719735
815719746
815719747
815719752
815719754
815719770
815719772
815719776
815719777
815719778
815719782
815719783
815719788
815719794
815719795
815719796
815719801
815719802
815719807
815719812
815719814
815719819
815719820
815719832
815719836
815719837
815719842
815719844
815719849
815719850
815719854
815719855
815719861
815719862
815719867
815719868
815719872
815719873
815719874
815719879
815719880
815719884
815719886
815719891
815719892
815719896
815719898
815719902
815719903
815719904
815719909
815719910
815719914
815719920
815719921
815719922
815719926
815719928
815719934
815719938
815719939
815719940
815719945
815719946
815719950
815719951
815719952
815719956
815719957
815719958
815719962
815719968
815719970
815719974
815719975
815719980
815719981
815719986
815719987
815719992
815719993
815719999
815720004
815720005
815720011
815720012
815720018
815720028
815720029
815720035
815720040
815720042
815720048
815720052
815720053
815720054
815720058
815720059
815720060
815720064
815720065
815720066
815720071
815720076
815720077
815720082
815720083
815720084
815720089
815720090
815720095
815720096
815720100
815720102
815720106
815720107
815720108
815720112
815720114
815720118
815720119
815720131
815720137
815720142
815720143
815720144
815720148
815720154
815720155
815720156
815720160
815720166
815720167
815720168
815720172
815720174
815720178
815720179
815720180
815720184
815720185
815720186
815720190
815720191
815720192
815720196
815720202
815720203
815720204
815720208
815720209
815720215
815720220
815720222
815720227
815720233
815720238
815720244
815720245
815720246
815720250
815720251
815720252
815720256
815720257
815720258
815720262
815720263
815720264
815720268
815720270
815720276
815720282
815720286
815720287
815720293
815720294
815720298
815720299
815720300
815720304
815720306
815720310
815720311
815720312
815720316
815720317
815720322
815720324
815720328
815720329
815720330
815720340
815720341
815720342
815720346
815720347
815720348
815720352
815720359
815720364
815720365
815720370
815720377
815720382
815720383
815720384
815720389
815720394
815720395
815720400
815720401
815720406
815720407
815720408
815720412
815720424
815720425
815720426
815720430
815720431
815720432
815720437
815720438
815720442
815720444
815720449
815720450
815720454
815720456
815720462
815720466
815720467
815720479
815720480
815720486
815720490
815720491
815720497
815720498
815720502
815720503
815720509
815720510
815720515
815720516
815720521
815720522
815720528
815720532
815720533
815720534
815720538
815720539
815720540
815720550
815720551
815720557
815720558
815720568
815720569
815720570
815720574
815720575
815720576
815720587
815720592
815720594
815720599
815720604
815720605
815720606
815720610
815720612
815720616
815720617
815720622
815720623
815720624
815720629
815720630
815720635
815720640
815720646
815720648
815720652
815720653
815720658
815720659
815720660
815720665
815720670
815720671
815720682
815720684
815720689
815720700
815720702
815720706
815720714
815720719
815720720
815720724
815720725
815720726
815720732
815720749
815720754
815720755
815720756
815720760
815720762
815720766
815720767
815720768
815720772
815720773
815720778
815720780
815720784
815720785
815720790
815720796
815720798
815720803
815720804
815720808
815720809
815720815
815720816
815720820
815720822
815720826
815720834
815720839
815720840
815720845
815720846
815720850
815720851
815720856
815720858
815720862
815720863
815720868
815720869
815720870
815720874
815720876
815720881
815720882
815720886
815720887
815720892
815720893
815720894
815720898
815720899
815720900
815720905
815720906
815720910
815720911
815720917
815720922
815720923
815720928
815720929
815720934
815720935
815720990
815720995
815720996
815721000
815721002
815721006
815721008
815721012
815721018
815721020
815721024
815721025
815721030
815721037
815721043
815721044
815721048
815721049
815721050
815721054
815721060
815721066
815721067
815721068
815721072
815721074
815721078
815721079
815721080
815721085
815721086
815721090
815721092
815721096
815721097
815721102
815721103
815721104
815721108
815721109
815721110
815721114
815721115
815721120
815721126
815721127
815721132
815721133
815721134
815721138
815721145
815721146
815721150
815721156
815721163
815721164
815721168
815721169
815721170
815721174
815721176
815721180
815721186
815721188
815721192
815721193
815721198
815721200
815721204
815721205
815721210
815721211
815721212
815721218
815721222
815721223
815721228
815721229
815721230
815721234
815721235
815721242
815721248
815721252
815721253
815721258
815721264
815721270
815721272
815721276
815721277
815721278
815721282
815721283
815721289
815721290
815721294
815721295
815721301
815721306
815721318
815721320
815721324
815721326
815721330
815721331
815721332
815721336
815721338
815721342
815721349
815721350
815721354
815721355
815721356
815721360
815721361
815721362
815721366
815721368
815721373
815721374
815721378
815721380
815721384
815721385
815721386
815721390
815721391
815721396
815721402
815721403
815721404
815721408
815721410
815721414
815721415
815721416
815721421
815721427
815721428
815721438
815721439
815721444
815721445
815721446
815721450
815721451
815721457
815721462
815721469
815721470
815721474
815721475
815721476
815721480
815721486
815721487
815721488
815721492
815721493
815721494
815721498
815721500
815721506
815721510
815721512
815721516
815721518
815721523
815721524
815721528
815721529
815721530
815721540
815721546
815721547
815721548
815721553
815721558
815721559
815721564
815721565
815721566
815721571
815721576
815721577
815721583
815721588
815721589
815721590
815721600
815721601
815721606
815721612
815721613
815721620
815721624
815721625
815721626
815721636
815721638
815721642
815721643
815721644
815721654
815721660
815721661
815721662
815721667
815721668
815721672
815721674
815721678
815721680
815721684
815721685
815721690
815721698
815721702
815721703
815721708
815721709
815721714
815721715
815721716
815721721
815721722
815721727
815721732
815721734
815721739
815721750
815721751
815721752
815721757
815721758
815721763
815721768
815721769
815721770
815721774
815721775
815721780
815721786
815721787
815721794
815721798
815721800
815721805
815721806
815721810
815721812
815721816
815721818
815721822
815721823
815721828
815721835
815721836
815721841
815721846
815721847
815721852
815721854
815721858
815721859
815721860
815721865
815721870
815721872
815721877
815721878
815721883
815721884
815721888
815721889
815721890
815721895
815721896
815721900
815721902
815721906
815721912
815721913
815721914
815721918
815721920
815721925
815721926
815721930
815721931
815721932
815721936
815721937
815721943
815721944
815721948
815721950
815721954
815721955
815721960
815721961
815721962
815721968
815721974
815721978
815721979
815721985
815721986
815721990
815721991
815721997
815721998
815722003
815722009
815722010
815722014
815722015
815722016
815722020
815722021
815722022
815722026
815722027
815722032
815722033
815722038
815722040
815722045
815722046
815722050
815722051
815722056
815722062
815722063
815722064
815722068
815722070
815722075
815722080
815722081
815722082
815722087
815722088
815722092
815722093
815722094
815722098
815722099
815722100
815722104
815722105
815722111
815722117
815722122
815722123
815722124
815722128
815722134
815722135
815722136
815722142
815722147
815722148
815722152
815722154
815722158
815722160
815722165
815722166
815722170
815722177
815722178
815722182
815722183
815722184
815722189
815722190
815722195
815722196
815722200
815722202
815722206
815722207
815722208
815722213
815722218
815722219
815722220
815722224
815722226
815722231
815722232
815722236
815722237
815722242
815722248
815722249
815722256
815722260
815722261
815722266
815722272
815722274
815722278
815722279
815722280
815722290
815722296
815722303
815722304
815722308
815722309
815722310
815722314
815722315
815722316
815722320
815722321
815722322
815722326
815722327
815722333
815722334
815722340
815722344
815722345
815722346
815722350
815722351
815722352
815722356
815722357
815722358
815722362
815722363
815722368
815722369
815722380
815722381
815722386
815722387
815722388
815722392
815722393
815722394
815722398
815722400
815722405
815722412
815722417
815722418
815722422
815722423
815722424
815722428
815722429
815722430
815722434
815722435
815722441
815722442
815722446
815722448
815722452
815722460
815722464
815722465
815722470
815722471
815722472
815722476
815722477
815722482
815722484